Nsplit = [
54
141
227
579
611
686
771
791
815
821
859
953
1118
1143
1195
1226
2200
2355
2466
2548
2615
2727
2894
3072
3240
3308
3592
3642
3730
3916
4037
4136
4203
4287
4495
4627
4796
4934
5049
5234
5285
5673
5695
5735
5908
5975
6155
6211
6346
6442
6556
6591
6703
6738
6833
6883
6955
7005
7011
7045
7134
7318
7342
7348
7457
7561
7640
7653
7686
7701
7715
7844
7940
8132
8171
8402
8517
8553
8679
9038
9054
9191
9217
9259
9275
9402
9499
9635
9682
9720
9739
9809
9821
9925
9952
9971
10068
10272
10331
10348
10456
10466
10483
10954
10980
11056
11080
11139
11225
11389
11504
11692
11707
11712
11725
11772
11821
11827
11871
12018
12093
12166
14504
14556
14688
14769
14820
14901
15023
15092
15263
15381
15429
15554
15723
15773
15990
16055
16129
16233
16272
16300
16374
16451
16549
16638
16696
16766
16888
16949
17033
17174
17236
17295
17410
17478
17610
17665
17722
17790
17903
17975
18050
18192
18239
18360
18397
18445
18558
18629
18680
18757
18875
18953
19036
19119
19171
19221
19301
19412
19536
19710
19751
19802
19870
20020
20117
20160
20199
20277
20340
20449
20512
20592
20660
20697
20765
20843
20902
21026
21070
21134
21265
21346
21390
21491
21571
21706
21846
22064
22189
22238
22351
22482
22550
22754
22791
22917
23021
23105
23154
23203
23283
23469
23520
23616
23665
23811
23881
23905
23964
24013
24159
24188
24249
24336
24363
24416
24518
24572
24770
24851
24909
24944
24967
25070
25111
25191
25346
25411
25449
25644
25739
25893
26018
26227
26348
26468
26529
26582
26616
26760
32717
32839
32979
33185
33265
33326
33378
33444
33523
33570
33630
33660
33690
33753
33864
33915
34025
34059
34150
34280
34300
34373
34413
34449
34492
34559
34647
34735
34814
34872
34917
34959
35057
35110
35172
35281
35325
35392
35442
35480
35586
35637
35713
35829
36004
41303
41411
41472
41528
54915
55015
55084
55124
55162
55204
55251
55284
55338
55388
55476
55692
55737
55851
55884
55997
56077
56169
56275
56398
56510
56563
56667
56804
56882
56989
57082
57130
57204
57242
57275
57389
57483
57515
57588
57687
57758
57816
57981
58077
58175
58237
58274
58387
58512
58563
58640
58710
58816
58869
58957
59037
59157
59239
59356
59388
59437
59571
59602
59694
59792
59866
59963
60006
60104
60135
60198
60229
60266
60362
60452
60538
60631
60741
60820
60890
60934
60984
61161
61244
61341
61423
61493
61599
61659
61763
61897
61975
61999
62182
62366
62401
62440
62489
62548
62647
62688
62795
62858
62994
63061
63113
63211
63277
63317
63508
63558
63658
63716
63769
63835
63982
64110
64231
64325
64479
64569
64650
64756
64844
64876
64949
64988
65068
65156
65252
65367
65426
65500
65603
65639
65756
65858
65957
66022
66173
66252
66411
66513
66591
66640
66895
67005
67158
67270
67315
67440
67510
67623
67662
67699
67767
67867
67912
68023
68090
68161
68413
68723
68936
69077
69129
69278
69381
69500
69646
69814
69896
70179
70375
70530
70749
70866
70995
71112
71205
71476
71585
71668
71720
71954
72158
72249
72329
72398
72488
72510
72620
72786
72905
73012
73246
73367
73597
73654
73709
73762
73810
73899
73950
74024
74081
74130
74192
74300
74408
74493
74661
74704
74789
74872
74900
75010
75057
75145
75176
75235
75281
75352
75433
75505
75746
75807
75894
75940
75995
76040
76133
76245
76299
76447
76570
76692
76736
76821
76961
77212
77273
77390
77459
77523
77548
77586
77647
77778
77808
77941
77978
78029
78126
78233
78318
78507
78602
78671
78729
78837
78982
79302
79471
79615
79645
79762
79955
80009
80067
80141
80245
80336
80436
80579
80659
80776
80865
80928
80976
81091
81203
81445
81552
81626
81756
81809
81907
82143
82208
82342
82565
82632
82715
82793
82877
82969
83086
83120
83180
83267
83311
83523
83604
83746
83833
84166
84322
84459
84622
84795
84859
84962
85081
85322
85593
85613
85757
85930
86022
86115
86288
86345
86509
86590
86671
86831
86882
87061
87097
87162
87304
87520
87598
87728
87790
87896
88001
88127
88192
88276
88335
88406
88480
88575
88703
88822
89055
89092
89149
89186
89226
89260
89315
89352
89414
89442
89468
89516
89613
89661
89747
89793
89813
89851
89913
89958
90035
90143
90183
90308
90427
90494
90579
90699
90739
90785
90815
90898
91044
91193
91265
91302
91436
91559
91635
91682
91762
91782
91962
92014
92085
92109
92295
92319
92404
92524
92652
92709
92847
92922
92981
93130
93191
93294
93358
93412
93500
93581
93704
93789
93878
93918
93985
94098
94148
94184
94204
94329
94421
94497
94582
94644
94735
94884
94942
95218
95648
95764
95852
96010
96136
96411
96554
96741
96885
97007
97094
97150
97264
97316
97424
97474
97532
97576
97651
97683
97740
97770
97794
97885
97944
97961
98013
98049
98157
98187
98262
98310
98352
98422
98492
98589
98657
98700
98783
98842
98875
98931
98994
99068
99126
99196
99300
99328
99429
99469
99563
99628
99676
99766
99823
99880
99909
99972
100010
100091
100162
100303
100347
100370
100443
100520
100585
100629
100716
100815
100861
100910
101000
101041
101121
101143
101191
101253
101315
101351
101410
101439
101457
101511
101539
101587
101635
101684
101714
101791
101841
101880
101936
101968
101988
102052
102147
102190
102274
102319
102422
102529
102570
102613
102671
102763
102832
102887
102957
103028
103126
103154
103247
103272
103336
103427
103536
103586
103649
103669
103717
103784
103819
103880
103971
104013
104049
104084
104138
104190
104233
104333
104417
104457
104478
104537
104639
104781
104873
104934
104991
105033
105065
105148
105271
105310
105361
105386
105415
105478
105536
105550
105626
105685
105726
105797
105819
105841
105924
105996
106084
106122
106179
106245
106322
106355
106397
106472
106512
106527
106608
106669
106739
106788
106950
107073
107144
107236
107324
107401
107443
107503
107659
107706
107744
107778
107906
108071
108189
108365
108381
108449
108505
108565
108623
108730
108784
108828
108938
108963
109011
109050
109089
109139
109217
109309
109384
109459
109588
109621
109667
109729
109766
109871
109934
110019
110116
110170
110245
110352
110410
110701
110745
110834
110921
111138
111208
111342
111448
111500
111605
111675
111891
111932
112028
112149
112350
112434
112545
112643
112684
112728
112808
112882
112954
113074
113209
113221
113284
113356
113452
113542
113601
113692
113764
113806
113867
113930
113958
114040
114093
114238
114369
114414
114563
114596
114704
114732
114932
115143
115188
115265
115374
115416
115458
115560
115593
115659
115763
115896
115985
116036
116103
116245
116303
116403
116499
116535
116625
116703
116734
116769
116822
116878
116967
117026
117181
117269
117315
117357
117403
117508
117617
117675
117832
117960
118045
118161
118373
118464
118509
118514];