iiwAll = [100010
100014
100028
100038
100052
100091
100099
100132
10013
100143
100162
100184
100255
100262
100265
100303
100313
100315
100318
100334
100347
100350
100354
100357
100360
100370
100419
100423
100431
100438
100443
100452
100487
100503
100507
100520
100533
100543
100551
100579
100585
100612
100614
100616
100623
100629
100647
100660
10066
100679
100680
100682
10068
100697
10070
100716
100735
100779
100784
100789
100815
100818
100825
100847
100852
100861
100872
100875
100877
100899
100910
100921
100957
100998
100999
101000
101008
101011
101015
101021
101041
101055
101082
101093
101095
101121
101125
101129
101131
101139
101143
101148
101152
101158
101165
101191
101195
10121
101241
101249
101253
101255
101268
101294
101305
101315
101320
101331
101333
101338
101351
101371
101394
101397
101410
101430
101432
101436
101439
10143
101447
101449
101455
101456
101457
101469
10148
101494
1014
101504
101511
101521
101522
10152
101538
101539
101540
101554
101562
101573
101587
101589
101602
101606
101628
101635
101638
101647
10165
101665
101684
101690
101693
101704
101707
101714
101742
10174
101761
101767
101791
101804
101819
101824
101838
101841
101845
101853
101869
101878
101880
101882
101893
101906
101933
101936
101939
101940
101942
101967
101968
101974
101982
101984
101986
101988
102008
102014
102022
102041
102052
102059
102090
102128
102139
102147
102153
102165
102172
102181
102190
102211
102218
102219
10224
102274
102279
102280
102282
102319
10231
102338
102375
102407
102417
102422
102430
102443
102461
102490
102529
102545
102548
102549
102559
102570
102576
102583
102590
102608
102613
102624
102633
102665
102667
102671
102699
102700
102707
102712
102723
10272
102735
102754
102762
102763
102771
102778
102798
102813
102832
102842
102852
102866
102867
102887
102903
10291
102941
102956
102957
102990
102992
103009
103015
103028
103076
103104
103105
103109
103126
103134
103147
103150
103152
103154
103175
103181
103232
103247
10324
103253
103261
103263
103270
103272
103277
103285
103286
103303
103317
103319
10331
103323
103335
103336
103346
103391
103398
103422
103427
103430
103432
103441
103468
10348
103494
103512
103527
103531
103536
103553
103562
103563
10356
103586
103596
103617
10361
103620
103649
103652
103658
103662
103664
103669
103675
103676
103697
103716
103717
103738
103748
103755
103765
103784
103788
103799
103810
103815
103819
103827
103832
103842
10386
103880
103888
103916
103924
103945
103971
103975
103981
103993
104001
104013
104033
104034
10403
104043
104049
104050
104059
104077
104083
104084
104091
104104
104109
104113
104138
104151
104171
104178
104186
104190
104204
104211
104214
104227
104233
104234
104236
104278
104285
104333
104354
104361
10436
104392
104417
104423
104426
104446
104453
104457
104460
104463
104468
104470
104478
104486
104487
104507
104535
104537
104538
104542
104558
104559
104567
10456
10457
104624
104631
104639
104646
104648
104650
104653
104664
10466
10469
104737
10477
104781
104793
104803
104804
104822
10483
104869
104870
104871
104872
104873
10488
104895
104904
104921
104934
104949
104953
104978
104982
104991
105007
105015
105023
105032
105033
105039
105040
105042
105044
105065
105068
105076
105079
105101
105148
105213
105227
105244
105246
105271
105272
105297
105303
105308
105310
105311
105314
105356
105359
105361
105367
105373
105378
105381
105386
105391
105392
105402
105405
105415
105417
105431
105442
105459
105478
105479
105484
105500
105515
105536
105539
105543
105544
105547
105550
105569
105595
105609
105618
105626
105635
105652
105661
105684
105685
105686
105701
105719
105720
105726
105737
105760
105763
105788
105797
105811
105812
105814
105816
105819
105829
105831
105834
105838
105841
105855
105863
105889
105912
105924
105929
105931
105933
105962
105996
105998
106040
106052
106055
106084
106100
106106
106117
106122
106126
10612
106130
106131
106161
106179
106203
106206
106214
106228
106245
106249
106298
106310
106318
106322
106335
106344
106352
106354
106355
106367
106382
106388
106393
106397
106428
106456
106457
106469
106472
106498
106503
106505
106509
106512
106520
106522
106523
106525
106527
106530
106533
106539
106549
106608
106642
106643
106644
106654
106669
106670
106679
106693
106704
106739
106761
106774
106775
106777
106788
106822
106823
106845
1068
106950
106960
106966
106972
107070
107073
107085
107106
10710
107125
107144
107149
107176
107200
107233
107236
107243
107262
107317
107323
107324
107334
107359
107370
107374
107401
107420
107425
107428
107435
107443
107466
107492
107496
107503
10750
107547
107566
107624
107634
107659
107686
107687
107688
107696
107706
107710
107721
107732
107735
107744
107758
107763
107768
107776
107778
107792
107799
107853
107896
107906
107967
107988
108015
108043
108071
108077
108117
108160
108188
108189
108193
108206
108290
108364
108365
108366
108373
108378
108379
108381
108414
108434
108440
108445
108449
108459
108469
108491
108493
108505
108508
108515
108550
108552
108565
108573
108575
108601
10861
108623
108626
108670
108719
108724
108730
10875
108760
108767
108779
108784
108799
108810
108815
108818
108828
108834
108845
108864
108914
108938
108942
108943
108944
108952
108963
108965
108975
10897
108989
109011
109012
109017
109043
109049
109050
109067
10907
109080
109084
109089
109095
10911
109120
109138
109139
109145
109161
109189
109204
109217
109279
109291
109298
109309
10930
109312
109337
109366
109374
109384
109385
109390
109440
109459
109478
1094
10950
109510
109519
10954
109556
109573
109583
109584
109588
10959
109608
109618
109619
109621
109625
109630
109651
109663
109667
109687
109696
109697
109699
109729
109730
109753
109754
109759
109766
109776
109793
109796
109799
109801
109805
10980
109841
109849
109871
109888
109891
109911
109916
109934
10995
109965
109976
11000
110019
110025
110057
110071
110095
110116
110120
110136
110137
110146
110170
110190
110196
110231
110239
110245
110308
110330
110346
110348
110352
110359
110389
110405
110406
110410
110423
11047
110515
110529
11056
110636
110639
110648
110679
110701
110709
110718
11072
110736
110745
110760
110765
110768
110785
110807
11080
110814
110822
110831
110834
110863
11087
110905
110908
110921
111019
111058
111086
111111
111138
111154
111164
111170
111177
111208
111224
111245
111265
111274
111342
111349
111361
111378
111388
111399
11139
111409
111420
11143
111448
111474
111477
111493
111497
111500
111509
111554
111563
111591
111605
111610
111620
111629
111654
111675
111705
111755
111799
11179
111813
111815
111831
111873
111891
111893
1118
111917
111928
111932
11193
111941
111943
111959
112020
112028
112074
11208
112090
112112
112149
112154
112205
112207
112245
11225
112291
112306
112336
11233
112350
112352
112400
112402
112419
112434
112458
112474
112478
112514
112545
112548
112566
112567
112590
112643
112652
112655
112670
112671
112684
112685
112714
112717
112728
112730
112759
112782
112796
1127
112808
112824
112865
112869
112881
112882
112901
112909
112925
112943
112954
112978
113009
113016
113050
113074
11312
113135
113149
113204
113209
113214
113216
11321
113220
113221
113237
113258
11325
11326
113284
113300
113302
113333
113353
113356
113400
113406
113414
113441
113452
113489
113498
113504
11352
113542
113550
113563
113573
113578
113601
113630
113644
11367
113685
113692
113702
113749
113754
113764
11376
113772
113781
113789
113803
113806
113808
113845
113849
11385
113867
113869
113878
113884
113886
113894
11389
113908
113921
113922
113930
113937
113942
113953
113955
113958
114011
114029
114030
11403
114040
114048
114050
114057
114072
114093
114104
1141
114203
114235
114238
114291
114294
114295
114297
114334
114336
114337
114338
114369
114376
1143
114402
114405
114408
114414
114438
11445
114486
11453
114563
114568
114583
114585
114596
11459
114615
114623
114659
114689
114704
114708
114710
114722
114727
114732
114765
114784
114874
114908
114932
114975
114977
114992
115035
11504
115062
115118
11511
115134
115143
115172
115176
115179
115187
115188
115191
115209
115238
115255
115265
115315
115328
